108
  0     0      1.98292880583
  0     2   -8.2397482419e-05
  0     9   -0.000492770190866
  0    15   -0.00232622773712
  0    18   9.12742385054e-05
  0    23   2.3177381184e-05
  0    25   -3.75498287595e-07
  0    31   -1.14605997454e-05
  0    35   -0.000233107740838
  0    39   -0.00252725942421
  0    43   -5.89025478269e-05
  0    49   -0.00323395695405
  0    51   0.00044919805188
  0    54   -0.000163252151334
  0    59   -0.00143466976032
  0    67   -0.00102742153493
  0    70   -0.000171863464363
  0    74   -0.00142347257926
  0    79   -0.00338199664343
  0    86   0.000153414270617
  0    88   -0.00104134242609
  0    95   0.00140750744053
  0    96    0.0010308479922
  0   102   1.23961643807e-05
  0   106   1.8987628537e-06
  1     1       1.9803418307
  1    14   0.00453112894298
  1    17   -0.00314062090168
  1    22   0.00018200869863
  1    29   -1.49125377002e-07
  1    40   0.00026090750956
  1    45   -0.00359567096107
  1    50   -0.000423260707178
  1    60   -4.21751658145e-05
  1    68   0.000909075284069
  1    71   0.00110686340662
  1    78   0.00176057839718
  1    80   0.000256931407082
  1    85    0.0021136654926
  1    94   -9.25998197605e-05
  1    97   0.00238065333186
  1   103   8.94293215772e-06
  2     0   -8.2397482419e-05
  2     2      1.98836216943
  2     9   0.000250987814254
  2    15   -0.00752895886657
  2    18   -0.000465309867552
  2    23   -7.34895126907e-05
  2    25   2.05574202381e-05
  2    31   -7.58477958243e-05
  2    35   0.000699012078011
  2    39    0.0011163083057
  2    43   0.00466244219242
  2    49   0.00205844685475
  2    51   1.77450113348e-05
  2    54    0.0228523551661
  2    59   -2.93501772999e-05
  2    67   0.000672451521506
  2    70    0.0171651286543
  2    74   0.00254227649974
  2    79   -0.000378800341832
  2    86   0.000545625636746
  2    88   0.000709558975182
  2    95   0.000874948473436
  2    96   0.00209205734805
  2   102   5.57066547625e-06
  2   106   -8.10406644151e-06
  3     3      1.98864307681
  3     8   0.000125349650335
  3    12   0.00173907799285
  3    19   -0.00320796072172
  3    26   -8.6725547517e-12
  3    27   -3.73027105251e-05
  3    32   -0.000268084493632
  3    36   -0.000152668501092
  3    41   0.00448098219657
  3    48   0.00125971871941
  3    53   0.00369193499145
  3    61   -0.0193215668396
  3    63   0.000545218763066
  3    72   -0.00162905244429
  3    83   -2.67772791889e-05
  3    84   -0.00119054230475
  3    89   -0.000637868772096
  3    99   0.000641390513444
  3   105   1.50752796024e-05
  3   107   3.74646579482e-06
  4     4      1.98837404242
  4    11   0.00159033695129
  4    20   -0.00115279562647
  4    28   0.000431281832708
  4    38   0.00590265564171
  4    46   0.000896783740997
  4    55   0.00910261781967
  4    69    0.0205173483462
  4    76   -0.00742688889084
  4    82   -0.00181728555005
  4    91   -0.00172588403245
  4   100   -3.4088112805e-05
  5     5      1.98827415591
  5    13   0.00210438303489
  5    34   0.00146783061821
  5    47   -0.00448724703736
  5    58   0.00071782652758
  5    62    0.0204490386514
  5    75   -0.00654540951192
  5    92   0.000879396419784
  6     6      1.98839285638
  6    37   0.00546348560196
  6    56   -0.00628777262846
  6    66    0.0221533560086
  6    93   0.00323327908042
  7     7      1.98842853823
  7    21   -0.000685053784303
  7    30   -9.98729453834e-05
  7    42    0.0048939764941
  7    57   -0.00169383312081
  7    64    0.0201425227507
  7    81   -0.000354970884635
  7    90   0.00293505725652
  7   101   -2.38435756616e-06
  8     3   0.000125349650335
  8     8      1.98673621162
  8    12    0.0031494465389
  8    19   0.00753771097711
  8    26   1.00217158905e-12
  8    27   2.83496960843e-07
  8    32   0.00022561563069
  8    36   -0.00572664446988
  8    41    -4.95322936e-05
  8    48   0.00201655300548
  8    53   0.000176534687856
  8    61   -0.000510114024043
  8    63    0.0208284565737
  8    72   0.00013176441505
  8    83   -0.000158368506491
  8    84   -0.000949330748899
  8    89   0.000940570150249
  8    99   -0.000499446540986
  8   105   -2.0635305209e-05
  8   107   -3.38502001328e-06
  9     0   -0.000492770190866
  9     2   0.000250987814254
  9     9      1.98693240869
  9    15   0.00333595871116
  9    18   0.000725177706001
  9    23   -0.00022308737498
  9    25   -7.81420275305e-05
  9    31   0.000119077572627
  9    35   -0.000764182694225
  9    39   0.000286160585453
  9    43   -0.000675790215533
  9    49   -0.00540847355098
  9    51   0.000975333195764
  9    54   -0.000367846813822
  9    59   -0.00911222971499
  9    67   -0.0227276588116
  9    70   -0.000104102814555
  9    74   0.000900553617633
  9    79   -7.24394968241e-05
  9    86   -0.000866887478675
  9    88   0.000303940950152
  9    95   -0.00115651134459
  9    96   0.00116669868294
  9   102   2.49216339456e-06
  9   106   6.77129260103e-06
 10    10      1.84871951511
 10    16    -0.192537131304
 10    24   0.000149917731268
 10    33   -0.00140943092586
 10    44   0.00633036995591
 10    52   0.00100771718715
 10    65   -0.00115183272556
 10    73   -0.00411445768372
 10    77    0.0101731601941
 10    87   6.29877449225e-05
 10    98   0.000886145541534
 10   104   4.32096767822e-05
 11     4   0.00159033695129
 11    11      1.97208508561
 11    20    0.0185374577177
 11    28   -0.000649085566389
 11    38   -0.000600379270276
 11    46   0.000610091496468
 11    55   0.00134210981017
 11    69   -0.00184700938755
 11    76    -0.013134941721
 11    82   0.00511421579942
 11    91   0.000304305743553
 11   100   5.99739546223e-05
 12     3   0.00173907799285
 12     8    0.0031494465389
 12    12      1.91674470567
 12    19   -0.0153386728048
 12    26   -4.43245952639e-06
 12    32   -6.53825651744e-05
 12    36   0.000750949390556
 12    41   -0.000776227560642
 12    48   0.000143123032621
 12    53   -0.0100743999349
 12    61    0.0016262507186
 12    63   -0.00371087699693
 12    72   0.00154756381407
 12    83   0.00667618345192
 12    84   0.00324811860957
 12    89   0.00336188568234
 12    99   0.000298581181343
 12   105   -7.05505880159e-06
 12   107   -3.73746021885e-06
 13     5   0.00210438303489
 13    13      1.96514358273
 13    34    0.0102850554235
 13    47   -0.000530191981863
 13    58   -0.00101439740588
 13    62   -0.000956749082105
 13    75   0.00229698658065
 13    92   -0.000467068441942
 14     1   0.00453112894298
 14    14       1.6294431058
 14    17    -0.158474136391
 14    22   -0.00355301899286
 14    29   4.36518874354e-05
 14    40   0.000824779384286
 14    45   0.00349427318319
 14    50    0.0047715613043
 14    60   0.000113195624484
 14    68   -0.00679513546614
 14    71   -0.000124638622253
 14    78   0.000472948906449
 14    80   -0.00596911650402
 14    85   -0.00328326420174
 14    94   0.000252345954765
 14    97   -0.00119740609278
 14   103   -8.29429479575e-06
 15     0   -0.00232622773712
 15     2   -0.00752895886657
 15     9   0.00333595871116
 15    15      1.76953942202
 15    18   -0.000830925776389
 15    23   3.83157105885e-06
 15    25   -1.83064789763e-05
 15    31   -5.57171745101e-05
 15    35   0.000355966745538
 15    39   -0.00580944341162
 15    43   -8.78112143967e-05
 15    49   0.00230388221106
 15    51   -0.00196656913351
 15    54    0.0059267299743
 15    59    0.0012521965667
 15    67   0.00289591143606
 15    70   0.000884019472634
 15    74   0.00501822967544
 15    79   0.00578657110516
 15    86   0.00057311976389
 15    88   0.00249751520981
 15    95   0.000621520212054
 15    96   -0.000775402572546
 15   102   -2.2441621112e-05
 15   106   -9.57813876518e-06
 16    10    -0.192537131304
 16    16     0.433504886387
 16    24   -3.99419402107e-05
 16    33   0.000637963177479
 16    44   0.00973416949061
 16    52   -0.000250712791912
 16    65   -0.00294391417242
 16    73   0.00172469820025
 16    77   0.00659746453989
 16    87   -0.000366035115762
 16    98   0.00128950902735
 16   104   -7.55643588372e-06
 17     1   -0.00314062090168
 17    14    -0.158474136391
 17    17     0.327500463832
 17    22   0.000887682596639
 17    29   -8.69084221707e-06
 17    40   -5.30796463319e-05
 17    45   -0.000485194009692
 17    50   -0.00111409916066
 17    60   -0.000633329395239
 17    68   0.00516362218494
 17    71   -0.000796833141111
 17    78   -0.00351710037551
 17    80   0.00246105667622
 17    85   0.000517077344367
 17    94   -0.00039187646776
 17    97   0.00106381606922
 17   103   -2.29582525368e-07
 18     0   9.12742385054e-05
 18     2   -0.000465309867552
 18     9   0.000725177706001
 18    15   -0.000830925776389
 18    18   0.00011714066203
 18    23   8.61643114818e-07
 18    25   -2.19909637241e-07
 18    31   1.78286240057e-06
 18    35   -2.30323462516e-05
 18    39   -1.24809676896e-07
 18    43   -1.60258082276e-06
 18    49   -0.000306739989406
 18    51   1.23388051203e-05
 18    54   -7.4585774044e-05
 18    59   -2.73208968074e-05
 18    67   -9.78807251532e-05
 18    70   -1.43088799576e-05
 18    74   0.000115174262053
 18    79   -1.95105972386e-05
 18    86   -6.04945529722e-05
 18    88   -8.21989400271e-05
 18    95   9.27651434825e-06
 18    96   -2.41211841073e-05
 18   102   1.9035830132e-06
 18   106   -2.32020751787e-07
 19     3   -0.00320796072172
 19     8   0.00753771097711
 19    12   -0.0153386728048
 19    19    0.0138822048586
 19    26   8.52840356437e-07
 19    27   2.22719786522e-07
 19    32   3.9119869075e-06
 19    36   -0.000153151291038
 19    41   -1.71559898681e-05
 19    48   0.00845286918178
 19    53   -0.00658977784074
 19    61   0.000978343338788
 19    63   0.00266108143487
 19    72   -8.96618799525e-05
 19    83   0.00201670427517
 19    84   -0.00121403131494
 19    89   -0.000656255772822
 19    99   -2.03651418796e-05
 19   105   2.26045031671e-06
 19   107   4.18388441733e-07
 20     4   -0.00115279562647
 20    11    0.0185374577177
 20    20   0.00174542329965
 20    28   -2.23718564853e-05
 20    38   -3.73694832297e-05
 20    46   0.000145247305779
 20    55   0.000649146095777
 20    69   7.09054004695e-07
 20    76   -0.00225374807505
 20    82   0.000533288274628
 20    91   -0.000203944877624
 20   100   8.9507688943e-07
 21     7   -0.000685053784303
 21    21   0.000195241620777
 21    30   1.80938425889e-07
 21    42   -8.19507470386e-06
 21    57   -8.8524399986e-05
 21    64   4.91214152982e-05
 21    81   -6.26802349223e-05
 21    90   6.43536792532e-05
 21   101   -4.97196565889e-06
 22     1   0.00018200869863
 22    14   -0.00355301899286
 22    17   0.000887682596639
 22    22    4.905500519e-05
 22    29   -1.79496387061e-07
 22    40   -1.29476053515e-05
 22    45   -4.118408843e-05
 22    50   -4.37580671092e-05
 22    60   4.90919702194e-06
 22    68   0.000161852755748
 22    71   2.89630925178e-05
 22    78   8.00443128461e-05
 22    80   8.42470289927e-05
 22    85   4.76198671573e-05
 22    94   -1.08389760967e-05
 22    97   3.07831601911e-06
 22   103   1.82971722604e-08
 23     0   2.3177381184e-05
 23     2   -7.34895126907e-05
 23     9   -0.00022308737498
 23    15   3.83157105885e-06
 23    18   8.61643114818e-07
 23    23   9.13841415202e-07
 23    25   -4.1626066873e-08
 23    31   4.34679101222e-07
 23    35   -1.83838422396e-06
 23    39   -2.50730481003e-06
 23    43   -3.81308729887e-07
 23    49   7.61927072142e-08
 23    51   -1.88049769554e-06
 23    54   -1.04418972645e-05
 23    59   5.9058342061e-06
 23    67   1.68415498428e-05
 23    70   -3.08398450426e-06
 23    74   -7.05329425951e-06
 23    79   1.63737640553e-06
 23    86   -3.24567738587e-06
 23    88   -3.50562514386e-06
 23    95   1.43396253063e-07
 23    96   -2.73011222909e-06
 23   102   7.03670287468e-08
 23   106   7.63272880756e-08
 24    10   0.000149917731268
 24    16   -3.99419402107e-05
 24    24   1.56596419019e-06
 24    33   -1.3503678907e-06
 24    44   2.10900650474e-05
 24    52   -1.5166964929e-06
 24    65   1.08026037281e-06
 24    73   -4.7963057647e-06
 24    77   8.8717647127e-06
 24    87   2.23731584403e-06
 24    98   -2.53170164077e-08
 24   104   2.11869326378e-07
 25     0   -3.75498287595e-07
 25     2   2.05574202381e-05
 25     9   -7.81420275305e-05
 25    15   -1.83064789763e-05
 25    18   -2.19909637241e-07
 25    23   -4.1626066873e-08
 25    25   5.21697761126e-08
 25    31   -8.27535411013e-08
 25    35   2.2055341645e-07
 25    39   5.03594678725e-07
 25    43   2.99544125727e-07
 25    49   -5.43782867854e-08
 25    51   -3.52269942861e-07
 25    54   2.70380571101e-06
 25    59   9.47635042993e-07
 25    67   3.24449146977e-06
 25    70   5.45795216461e-07
 25    74   2.42425261394e-06
 25    79   -1.28365948085e-06
 25    86   8.60401844411e-07
 25    88   3.79823884381e-07
 25    95   5.82777860371e-07
 25    96   7.30500977256e-07
 25   102   4.4351150644e-09
 25   106   -1.1311152845e-08
 26     3   -8.6725547517e-12
 26     8   1.00217158905e-12
 26    12   -4.43245952639e-06
 26    19   8.52840356437e-07
 26    26   3.46220726182e-09
 26    32   4.43731082478e-08
 26    36   -1.87635916889e-08
 26    41   -2.7776467991e-08
 26    48   4.90124376238e-08
 26    53   -1.78980928814e-07
 26    61   2.07666747054e-08
 26    63   1.62569351324e-07
 26    72   1.38235548005e-08
 26    83    6.105111433e-09
 26    84   -3.68322079885e-07
 26    89   1.21371449166e-07
 26    99   1.19094774946e-08
 26   105   -2.09401283336e-09
 26   107   -4.12261122805e-10
 27     3   -3.73027105251e-05
 27     8   2.83496960843e-07
 27    19   2.22719786522e-07
 27    27   3.72904141032e-09
 27    32   2.06264271447e-08
 27    36   -5.60979051969e-08
 27    41   -2.68055581439e-07
 27    48   -1.8508741699e-07
 27    53   -2.01179592898e-07
 27    61   1.58102058035e-06
 27    63   -1.80760678496e-07
 27    72   9.43732570119e-08
 27    83   -1.88607546414e-08
 27    84   -3.26541187936e-08
 27    89   8.60992671538e-08
 27    99   -4.89109949544e-08
 27   105   -5.74909571676e-10
 27   107   -2.45671434604e-10
 28     4   0.000431281832708
 28    11   -0.000649085566389
 28    20   -2.23718564853e-05
 28    28   6.31622436449e-06
 28    38   7.5906028111e-07
 28    46   -5.42282019417e-06
 28    55   -1.04570063746e-06
 28    69   3.12090903316e-05
 28    76   5.26896290491e-05
 28    82   -3.96119610304e-06
 28    91   2.4308247981e-06
 28   100   -1.1361885881e-06
 29     1   -1.49125377002e-07
 29    14   4.36518874354e-05
 29    17   -8.69084221707e-06
 29    22   -1.79496387061e-07
 29    29   2.02274572631e-07
 29    40   5.67728557494e-07
 29    45   1.05659075822e-06
 29    50   -3.07211111464e-07
 29    60   -6.38496691012e-08
 29    68   -2.20063899835e-06
 29    71   -3.87072937979e-07
 29    78   -1.15624289983e-06
 29    80   -3.01421446476e-06
 29    85   2.03025294077e-07
 29    94   -4.1592400303e-07
 29    97   1.96000285258e-07
 29   103   1.77604043371e-08
 30     7   -9.98729453834e-05
 30    21   1.80938425889e-07
 30    30   3.90166493577e-07
 30    42   -6.14074106668e-08
 30    57   -7.74765528815e-07
 30    64   -4.64665428946e-06
 30    81   2.3467287773e-06
 30    90   2.81360648101e-06
 30   101   8.26659453518e-08
 31     0   -1.14605997454e-05
 31     2   -7.58477958243e-05
 31     9   0.000119077572627
 31    15   -5.57171745101e-05
 31    18   1.78286240057e-06
 31    23   4.34679101222e-07
 31    25   -8.27535411013e-08
 31    31   8.41248041464e-07
 31    35   -1.98265964251e-06
 31    39   3.20016091984e-07
 31    43   -1.04327505203e-06
 31    49   -1.32775665811e-05
 31    51   5.80942232511e-07
 31    54   -3.9665327554e-06
 31    59   -8.50284204503e-07
 31    67   -4.45165476248e-06
 31    70   -2.79548031602e-06
 31    74   4.81699467884e-06
 31    79   6.30233087315e-08
 31    86   -3.22038799375e-06
 31    88   -5.14135373154e-06
 31    95   -8.93591165577e-07
 31    96   -1.13992705237e-06
 31   102   4.8133619524e-08
 31   106   1.32438474683e-07
 32     3   -0.000268084493632
 32     8   0.00022561563069
 32    12   -6.53825651744e-05
 32    19   3.9119869075e-06
 32    26   4.43731082478e-08
 32    27   2.06264271447e-08
 32    32   9.58659644801e-06
 32    36   -3.70953008486e-06
 32    41   -7.29572217055e-06
 32    48   -1.38054841404e-05
 32    53   -2.2655073882e-05
 32    61   1.72865128253e-05
 32    63   1.36701534512e-05
 32    72   5.34661025503e-06
 32    83   1.38388967487e-06
 32    84   -6.01464205223e-08
 32    89   7.44195147084e-06
 32    99   -3.35045558147e-06
 32   105   -8.40503063905e-07
 32   107   1.18047102234e-07
 33    10   -0.00140943092586
 33    16   0.000637963177479
 33    24   -1.3503678907e-06
 33    33   1.30920469828e-05
 33    44   -9.09140701632e-06
 33    52   -3.07681891438e-06
 33    65   -1.49171638312e-05
 33    73   2.88113621416e-05
 33    77   1.64999426482e-06
 33    87   -1.59113972855e-05
 33    98   1.1103372112e-06
 33   104   -2.67438880295e-07
 34     5   0.00146783061821
 34    13    0.0102850554235
 34    34   0.000650872803698
 34    47   -4.01738863279e-05
 34    58   -2.48102304919e-05
 34    62   0.00029141982126
 34    75   -0.000382862391135
 34    92   -4.73109177451e-05
 35     0   -0.000233107740838
 35     2   0.000699012078011
 35     9   -0.000764182694225
 35    15   0.000355966745538
 35    18   -2.30323462516e-05
 35    23   -1.83838422396e-06
 35    25   2.2055341645e-07
 35    31   -1.98265964251e-06
 35    35   3.28520257211e-05
 35    39   3.37200502435e-06
 35    43   9.79698784297e-06
 35    49   7.66771911821e-05
 35    51   7.07295207937e-07
 35    54   8.51003369911e-05
 35    59   1.09667047562e-05
 35    67   5.75577333671e-05
 35    70   3.89873509032e-05
 35    74   1.79265857071e-05
 35    79   -2.97021396452e-05
 35    86   2.94478618157e-05
 35    88   2.7467671188e-05
 35    95   1.28221307823e-05
 35    96   3.47723958802e-07
 35   102   -1.317526115e-06
 35   106   -3.49267530251e-07
 36     3   -0.000152668501092
 36     8   -0.00572664446988
 36    12   0.000750949390556
 36    19   -0.000153151291038
 36    26   -1.87635916889e-08
 36    27   -5.60979051969e-08
 36    32   -3.70953008486e-06
 36    36   8.37043013814e-05
 36    41   -5.8313998061e-07
 36    48   -5.64136033586e-05
 36    53   1.63401040648e-05
 36    61   2.06784717344e-05
 36    63   -0.000211744189947
 36    72   -9.80151751258e-06
 36    83   1.18200076977e-06
 36    84   1.66790104859e-05
 36    89   -1.54393890793e-05
 36    99   1.1400744747e-05
 36   105   1.90302770112e-07
 36   107   2.77678201924e-08
 37     6   0.00546348560196
 37    37   8.35909415059e-05
 37    56   -8.16084129378e-05
 37    66   0.000286156720215
 37    93   6.19434546476e-05
 38     4   0.00590265564171
 38    11   -0.000600379270276
 38    20   -3.73694832297e-05
 38    28   7.5906028111e-07
 38    38   9.44494462032e-05
 38    46   1.63999851717e-05
 38    55   0.000115780302385
 38    69   0.000278992602106
 38    76   -0.00011781676462
 38    82   -2.60800355674e-05
 38    91   -2.77386170774e-05
 38   100   1.2766913993e-06
 39     0   -0.00252725942421
 39     2    0.0011163083057
 39     9   0.000286160585453
 39    15   -0.00580944341162
 39    18   -1.24809676896e-07
 39    23   -2.50730481003e-06
 39    25   5.03594678725e-07
 39    31   3.20016091984e-07
 39    35   3.37200502435e-06
 39    39   0.000309276838215
 39    43   1.79350457062e-05
 39    49   -0.000315944794158
 39    51   8.14488653675e-06
 39    54   0.000178596704488
 39    59   1.61044027154e-05
 39    67   -8.38731215837e-05
 39    70   9.05879546378e-05
 39    74   7.13388823564e-05
 39    79   2.28921096489e-05
 39    86   5.04826243242e-06
 39    88   -2.08905899836e-05
 39    95   0.000128629203815
 39    96   4.62088085703e-05
 39   102   3.48778817434e-07
 39   106   1.19505329472e-08
 40     1   0.00026090750956
 40    14   0.000824779384286
 40    17   -5.30796463319e-05
 40    22   -1.29476053515e-05
 40    29   5.67728557494e-07
 40    40   2.67964980906e-05
 40    45   1.16087482667e-05
 40    50   1.29107818815e-05
 40    60   3.43956646906e-06
 40    68   -4.79160652104e-05
 40    71   -2.26147632394e-05
 40    78   -9.07479360871e-06
 40    80   -3.02414971769e-05
 40    85   -1.27322765311e-05
 40    94   1.97595994396e-05
 40    97   -1.55293509142e-06
 40   103   1.01518000635e-06
 41     3   0.00448098219657
 41     8    -4.95322936e-05
 41    12   -0.000776227560642
 41    19   -1.71559898681e-05
 41    26   -2.7776467991e-08
 41    27   -2.68055581439e-07
 41    32   -7.29572217055e-06
 41    36   -5.8313998061e-07
 41    41   5.69813422328e-05
 41    48   4.49573111029e-05
 41    53   5.65171680096e-05
 41    61   -0.000255244203503
 41    63   1.22375003996e-05
 41    72   -2.40976305791e-05
 41    83   -8.45112281672e-06
 41    84   -1.71528222353e-05
 41    89   -1.6237815913e-05
 41    99   1.81564588323e-05
 41   105   5.26510023532e-07
 41   107   3.42791474795e-10
 42     7    0.0048939764941
 42    21   -8.19507470386e-06
 42    30   -6.14074106668e-08
 42    42   5.87873528189e-05
 42    57   -2.14644944568e-05
 42    64   0.000229135727119
 42    81   2.89137627451e-06
 42    90   3.83043122621e-05
 42   101   2.93025986645e-07
 43     0   -5.89025478269e-05
 43     2   0.00466244219242
 43     9   -0.000675790215533
 43    15   -8.78112143967e-05
 43    18   -1.60258082276e-06
 43    23   -3.81308729887e-07
 43    25   2.99544125727e-07
 43    31   -1.04327505203e-06
 43    35   9.79698784297e-06
 43    39   1.79350457062e-05
 43    43   6.12595085185e-05
 43    49   -6.01933209542e-06
 43    51   -5.82612002177e-06
 43    54   0.000237598103015
 43    59   1.07167875449e-05
 43    67   5.14795689626e-05
 43    70   0.000197187266409
 43    74   6.02339552403e-05
 43    79   -1.13135215211e-05
 43    86   1.24146835633e-06
 43    88   -1.62596492969e-06
 43    95   1.72511537525e-05
 43    96   1.72524476484e-05
 43   102   3.74233556931e-07
 43   106   -1.51654121429e-07
 44    10   0.00633036995591
 44    16   0.00973416949061
 44    24   2.10900650474e-05
 44    33   -9.09140701632e-06
 44    44   0.00832544970512
 44    52   -2.6409346525e-05
 44    65   -0.00106645880898
 44    73   0.000201854439332
 44    77   0.00487828724312
 44    87   0.000565718879264
 44    98   0.000314341490991
 44   104   5.12891910418e-06
 45     1   -0.00359567096107
 45    14   0.00349427318319
 45    17   -0.000485194009692
 45    22   -4.118408843e-05
 45    29   1.05659075822e-06
 45    40   1.16087482667e-05
 45    45   0.000290101475289
 45    50   6.75161548595e-05
 45    60   -6.86166307904e-05
 45    68   -0.000117412830356
 45    71   -0.00015784040189
 45    78   -4.12762110458e-05
 45    80   0.000195633397165
 45    85   -0.000132236436041
 45    94   2.70776937004e-05
 45    97   2.24382312617e-05
 45   103   1.40165630604e-06
 46     4   0.000896783740997
 46    11   0.000610091496468
 46    20   0.000145247305779
 46    28   -5.42282019417e-06
 46    38   1.63999851717e-05
 46    46   0.000127933991774
 46    55   4.58356000968e-05
 46    69   2.59584962475e-05
 46    76   6.71890803583e-05
 46    82   4.95098766878e-05
 46    91   8.25365009221e-06
 46   100   3.81271991006e-06
 47     5   -0.00448724703736
 47    13   -0.000530191981863
 47    34   -4.01738863279e-05
 47    47   6.19155241959e-05
 47    58   -4.69868986337e-06
 47    62   -0.000198276496844
 47    75   0.000137020523103
 47    92   -1.54295978739e-05
 48     3   0.00125971871941
 48     8   0.00201655300548
 48    12   0.000143123032621
 48    19   0.00845286918178
 48    26   4.90124376238e-08
 48    27   -1.8508741699e-07
 48    32   -1.38054841404e-05
 48    36   -5.64136033586e-05
 48    41   4.49573111029e-05
 48    48    0.0100445879782
 48    53   -0.00434584810532
 48    61   -0.000857946535507
 48    63   0.000967296462704
 48    72   -9.7551111119e-05
 48    83   0.00156926253118
 48    84   -8.16691169519e-05
 48    89   -0.000694615855195
 48    99   0.00216367978588
 48   105   4.8370944451e-06
 48   107   1.58733250111e-07
 49     0   -0.00323395695405
 49     2   0.00205844685475
 49     9   -0.00540847355098
 49    15   0.00230388221106
 49    18   -0.000306739989406
 49    23   7.61927072142e-08
 49    25   -5.43782867854e-08
 49    31   -1.32775665811e-05
 49    35   7.66771911821e-05
 49    39   -0.000315944794158
 49    43   -6.01933209542e-06
 49    49    0.0146536579677
 49    51   -8.54392016315e-05
 49    54   -0.000252999437569
 49    59   0.000324039410852
 49    67   0.00192705114865
 49    70   -6.74711197489e-05
 49    74   -0.00368904369094
 49    79   -0.00421938008246
 49    86   -0.000111985359538
 49    88   0.00110368571281
 49    95   -0.000807519076885
 49    96   -0.000129652718421
 49   102   -5.41529124578e-06
 49   106   -1.24865663184e-06
 50     1   -0.000423260707178
 50    14    0.0047715613043
 50    17   -0.00111409916066
 50    22   -4.37580671092e-05
 50    29   -3.07211111464e-07
 50    40   1.29107818815e-05
 50    45   6.75161548595e-05
 50    50   0.000256377261913
 50    60   -1.97880064191e-05
 50    68   -0.000263329343069
 50    71   -2.6164718206e-05
 50    78   -1.97418246748e-05
 50    80   0.000211880460365
 50    85   -3.92876363731e-05
 50    94   -8.38804096642e-05
 50    97   2.88340330636e-05
 50   103   -7.59780073266e-09
 51     0   0.00044919805188
 51     2   1.77450113348e-05
 51     9   0.000975333195764
 51    15   -0.00196656913351
 51    18   1.23388051203e-05
 51    23   -1.88049769554e-06
 51    25   -3.52269942861e-07
 51    31   5.80942232511e-07
 51    35   7.07295207937e-07
 51    39   8.14488653676e-06
 51    43   -5.82612002177e-06
 51    49   -8.54392016315e-05
 51    51   0.000636999772125
 51    54   -0.000149295016128
 51    59   -0.00023063280023
 51    67   -0.000331085136986
 51    70   -5.65481111344e-05
 51    74   -0.000305935943938
 51    79   0.000378720276264
 51    86   -8.40160595141e-05
 51    88   0.000141698239125
 51    95   -0.000761806722973
 51    96   0.000175997085435
 51   102   1.7734882516e-07
 51   106   2.79029892196e-07
 52    10   0.00100771718715
 52    16   -0.000250712791912
 52    24   -1.5166964929e-06
 52    33   -3.07681891438e-06
 52    44   -2.6409346525e-05
 52    52   5.73091162501e-05
 52    65   1.93083914938e-05
 52    73   -2.75358142956e-05
 52    77   3.55648677135e-07
 52    87   1.62071529038e-05
 52    98   2.94569104976e-07
 52   104   -9.92217131658e-07
 53     3   0.00369193499145
 53     8   0.000176534687856
 53    12   -0.0100743999349
 53    19   -0.00658977784074
 53    26   -1.78980928814e-07
 53    27   -2.01179592898e-07
 53    32   -2.2655073882e-05
 53    36   1.63401040648e-05
 53    41   5.65171680096e-05
 53    48   -0.00434584810532
 53    53   0.00498145308886
 53    61   -0.000681881516534
 53    63   -0.000416019248058
 53    72   -1.0225336665e-05
 53    83   -0.00177565541982
 53    84   0.000329856955679
 53    89   4.7593304776e-05
 53    99   9.62004485742e-05
 53   105   8.44248500792e-07
 53   107   2.28130400356e-07
 54     0   -0.000163252151334
 54     2    0.0228523551661
 54     9   -0.000367846813822
 54    15    0.0059267299743
 54    18   -7.4585774044e-05
 54    23   -1.04418972645e-05
 54    25   2.70380571101e-06
 54    31   -3.9665327554e-06
 54    35   8.51003369911e-05
 54    39   0.000178596704488
 54    43   0.000237598103015
 54    49   -0.000252999437569
 54    51   -0.000149295016128
 54    54   0.00792817319491
 54    59   3.47873369995e-05
 54    67   -4.60603837085e-05
 54    70   0.00503542066455
 54    74   0.00199709658422
 54    79   -0.000466391085633
 54    86   0.000311343448347
 54    88   0.000589947649696
 54    95   0.00102597687236
 54    96   0.00209974624557
 54   102   -2.34668748175e-06
 54   106   -5.91816044264e-07
 55     4   0.00910261781967
 55    11   0.00134210981017
 55    20   0.000649146095777
 55    28   -1.04570063746e-06
 55    38   0.000115780302385
 55    46   4.58356000968e-05
 55    55   0.00269024945463
 55    69   0.00220226486985
 55    76   -0.00292296253479
 55    82   0.000302517487952
 55    91   -0.00199664354125
 55   100   -3.24744389637e-07
 56     6   -0.00628777262846
 56    37   -8.16084129378e-05
 56    56   0.00082626886745
 56    66   -0.0012880698734
 56    93   -0.000950171940542
 57     7   -0.00169383312081
 57    21   -8.8524399986e-05
 57    30   -7.74765528815e-07
 57    42   -2.14644944568e-05
 57    57   0.000774441059181
 57    64   -0.00050345090093
 57    81   -0.00049876610593
 57    90   -0.000703948486202
 57   101   3.2921468797e-07
 58     5   0.00071782652758
 58    13   -0.00101439740588
 58    34   -2.48102304919e-05
 58    47   -4.69868986337e-06
 58    58   0.000466083167506
 58    62   0.000239343341589
 58    75   -0.0001721198441
 58    92   0.000730563767079
 59     0   -0.00143466976032
 59     2   -2.93501772999e-05
 59     9   -0.00911222971499
 59    15    0.0012521965667
 59    18   -2.73208968074e-05
 59    23   5.9058342061e-06
 59    25   9.47635042993e-07
 59    31   -8.50284204503e-07
 59    35   1.09667047562e-05
 59    39   1.61044027154e-05
 59    43   1.07167875449e-05
 59    49   0.000324039410852
 59    51   -0.00023063280023
 59    54   3.47873369995e-05
 59    59   0.000322178287612
 59    67   0.000925155849326
 59    70   2.79946066495e-05
 59    74   -6.68548182946e-05
 59    79   -4.23650659926e-05
 59    86   5.49046317731e-05
 59    88   -4.15087913599e-05
 59    95   0.000308277053846
 59    96   -0.000100796820539
 59   102   -2.45918654863e-07
 59   106   1.64045734519e-07
 60     1   -4.21751658145e-05
 60    14   0.000113195624484
 60    17   -0.000633329395239
 60    22   4.90919702194e-06
 60    29   -6.38496691012e-08
 60    40   3.43956646906e-06
 60    45   -6.86166307904e-05
 60    50   -1.97880064191e-05
 60    60   0.00059684814903
 60    68   -0.000371903769719
 60    71   0.000115304064406
 60    78   -0.000171693276535
 60    80   0.00027147811267
 60    85   0.000233618561277
 60    94   -0.000441889849312
 60    97   -0.000201109585647
 60   103   -1.1733198632e-06
 61     3   -0.0193215668396
 61     8   -0.000510114024043
 61    12    0.0016262507186
 61    19   0.000978343338788
 61    26   2.07666747054e-08
 61    27   1.58102058035e-06
 61    32   1.72865128253e-05
 61    36   2.06784717344e-05
 61    41   -0.000255244203503
 61    48   -0.000857946535507
 61    53   -0.000681881516534
 61    61   0.00922224434226
 61    63   -0.000165853357263
 61    72   6.6947548075e-05
 61    83    0.0001334972284
 61    84   -6.11025877534e-05
 61    89   0.000133517950668
 61    99   -0.000401018022557
 61   105   -1.50566243482e-07
 61   107   -5.0896123817e-07
 62     5    0.0204490386514
 62    13   -0.000956749082105
 62    34   0.00029141982126
 62    47   -0.000198276496844
 62    58   0.000239343341589
 62    62   0.00991126802546
 62    75   -0.00301370688479
 62    92   0.000469079600908
 63     3   0.000545218763066
 63     8    0.0208284565737
 63    12   -0.00371087699693
 63    19   0.00266108143487
 63    26   1.62569351324e-07
 63    27   -1.80760678496e-07
 63    32   1.36701534512e-05
 63    36   -0.000211744189947
 63    41   1.22375003996e-05
 63    48   0.000967296462704
 63    53   -0.000416019248058
 63    61   -0.000165853357263
 63    63    0.0105332341765
 63    72   -9.86265727225e-06
 63    83   0.00011422909073
 63    84   -0.000167583389881
 63    89   -0.000286241641626
 63    99   -0.000118362335184
 63   105   -3.96889503959e-07
 63   107   -5.98548492656e-07
 64     7    0.0201425227507
 64    21   4.91214152982e-05
 64    30   -4.64665428946e-06
 64    42   0.000229135727119
 64    57   -0.00050345090093
 64    64     0.010058210769
 64    81   0.000360202486512
 64    90   0.00114997420515
 64   101   -6.00216257934e-07
 65    10   -0.00115183272556
 65    16   -0.00294391417242
 65    24   1.08026037281e-06
 65    33   -1.49171638312e-05
 65    44   -0.00106645880898
 65    52   1.93083914938e-05
 65    65   0.00234455307158
 65    73   -0.00114028202883
 65    77   -0.000652323814786
 65    87   -5.7820616917e-05
 65    98   -0.00177402212927
 65   104   7.80278312169e-08
 66     6    0.0221533560086
 66    37   0.000286156720215
 66    56   -0.0012880698734
 66    66    0.0107621330596
 66    93    0.0012472800642
 67     0   -0.00102742153493
 67     2   0.000672451521506
 67     9   -0.0227276588116
 67    15   0.00289591143606
 67    18   -9.78807251532e-05
 67    23   1.68415498428e-05
 67    25   3.24449146977e-06
 67    31   -4.45165476248e-06
 67    35   5.75577333671e-05
 67    39   -8.38731215837e-05
 67    43   5.14795689626e-05
 67    49   0.00192705114865
 67    51   -0.000331085136986
 67    54   -4.60603837085e-05
 67    59   0.000925155849326
 67    67    0.0114431285898
 67    70   0.000237301715082
 67    74   -0.000795312399185
 67    79   -0.000129994804345
 67    86   9.97552033597e-05
 67    88   0.000265595074067
 67    95   0.000612070665951
 67    96   -0.000411101138638
 67   102   -1.38379368531e-06
 67   106   6.26198703462e-07
 68     1   0.000909075284069
 68    14   -0.00679513546614
 68    17   0.00516362218494
 68    22   0.000161852755748
 68    29   -2.20063899835e-06
 68    40   -4.79160652104e-05
 68    45   -0.000117412830356
 68    50   -0.000263329343069
 68    60   -0.000371903769719
 68    68   0.00448467936049
 68    71   0.000451407882391
 68    78   0.00135021924583
 68    80   -4.27439674061e-05
 68    85   0.00070497445799
 68    94   0.000358068302297
 68    97   5.71149658311e-05
 68   103   6.28600954596e-07
 69     4    0.0205173483462
 69    11   -0.00184700938755
 69    20   7.09054004695e-07
 69    28   3.12090903316e-05
 69    38   0.000278992602106
 69    46   2.59584962475e-05
 69    55   0.00220226486985
 69    69   0.00950368635047
 69    76   -0.00202134222122
 69    82   -0.00017713709325
 69    91   -0.000501750382289
 69   100   -4.30368840929e-06
 70     0   -0.000171863464363
 70     2    0.0171651286543
 70     9   -0.000104102814555
 70    15   0.000884019472634
 70    18   -1.43088799576e-05
 70    23   -3.08398450426e-06
 70    25   5.45795216461e-07
 70    31   -2.79548031602e-06
 70    35   3.89873509032e-05
 70    39   9.05879546378e-05
 70    43   0.000197187266409
 70    49   -6.74711197489e-05
 70    51   -5.65481111344e-05
 70    54   0.00503542066455
 70    59   2.79946066495e-05
 70    67   0.000237301715082
 70    70   0.00650232858438
 70    74   0.000674680925984
 70    79   -0.000262194537815
 70    86   -6.78816628713e-05
 70    88   6.45627282665e-07
 70    95   9.83065438515e-05
 70    96   0.00013004999285
 70   102   -9.24644710591e-07
 70   106   -6.77366646006e-08
 71     1   0.00110686340662
 71    14   -0.000124638622253
 71    17   -0.000796833141111
 71    22   2.89630925178e-05
 71    29   -3.87072937979e-07
 71    40   -2.26147632394e-05
 71    45   -0.00015784040189
 71    50   -2.6164718206e-05
 71    60   0.000115304064406
 71    68   0.000451407882391
 71    71    0.0013732653185
 71    78   5.47275120067e-05
 71    80   0.000222463157585
 71    85   0.000167333430337
 71    94   -2.64520149201e-05
 71    97   -0.00146448852692
 71   103   -2.48587647585e-07
 72     3   -0.00162905244429
 72     8   0.00013176441505
 72    12   0.00154756381407
 72    19   -8.96618799525e-05
 72    26   1.38235548005e-08
 72    27   9.43732570119e-08
 72    32   5.34661025503e-06
 72    36   -9.80151751258e-06
 72    41   -2.40976305791e-05
 72    48   -9.7551111119e-05
 72    53   -1.0225336665e-05
 72    61   6.6947548075e-05
 72    63   -9.86265727225e-06
 72    72   0.000107042285949
 72    83   -3.83737069057e-06
 72    84   2.52973843031e-05
 72    89   2.06348455232e-05
 72    99   -1.23017225924e-05
 72   105   -1.36619071479e-06
 72   107   1.39296030313e-08
 73    10   -0.00411445768372
 73    16   0.00172469820025
 73    24   -4.7963057647e-06
 73    33   2.88113621416e-05
 73    44   0.000201854439332
 73    52   -2.75358142956e-05
 73    65   -0.00114028202883
 73    73    0.0024815726666
 73    77   0.000232812012259
 73    87   -0.000624284035586
 73    98   7.25289443772e-05
 73   104   -1.59523433326e-06
 74     0   -0.00142347257926
 74     2   0.00254227649974
 74     9   0.000900553617633
 74    15   0.00501822967544
 74    18   0.000115174262053
 74    23   -7.05329425951e-06
 74    25   2.42425261394e-06
 74    31   4.81699467884e-06
 74    35   1.79265857071e-05
 74    39   7.13388823564e-05
 74    43   6.02339552403e-05
 74    49   -0.00368904369094
 74    51   -0.000305935943938
 74    54   0.00199709658422
 74    59   -6.68548182946e-05
 74    67   -0.000795312399185
 74    70   0.000674680925984
 74    74   0.00724869015181
 74    79   -0.00139394846142
 74    86   0.000108211195799
 74    88   -0.000260504616122
 74    95   0.000320465911375
 74    96   -4.4368559154e-05
 74   102   1.22515840609e-06
 74   106   2.52962984785e-07
 75     5   -0.00654540951192
 75    13   0.00229698658065
 75    34   -0.000382862391135
 75    47   0.000137020523103
 75    58   -0.0001721198441
 75    62   -0.00301370688479
 75    75    0.0130764559752
 75    92   -9.63749249843e-05
 76     4   -0.00742688889084
 76    11    -0.013134941721
 76    20   -0.00225374807505
 76    28   5.26896290491e-05
 76    38   -0.00011781676462
 76    46   6.71890803583e-05
 76    55   -0.00292296253479
 76    69   -0.00202134222122
 76    76     0.025523209893
 76    82   -0.00109030847594
 76    91   0.00101528156181
 76   100   -6.10267120176e-06
 77    10    0.0101731601941
 77    16   0.00659746453989
 77    24   8.8717647127e-06
 77    33   1.64999426482e-06
 77    44   0.00487828724312
 77    52   3.55648677135e-07
 77    65   -0.000652323814786
 77    73   0.000232812012259
 77    77   0.00396799173083
 77    87   7.0462666628e-05
 77    98   8.6938490835e-05
 77   104   9.51136699132e-07
 78     1   0.00176057839718
 78    14   0.000472948906449
 78    17   -0.00351710037551
 78    22   8.00443128461e-05
 78    29   -1.15624289983e-06
 78    40   -9.07479360871e-06
 78    45   -4.12762110458e-05
 78    50   -1.97418246748e-05
 78    60   -0.000171693276535
 78    68   0.00135021924583
 78    71   5.47275120067e-05
 78    78   0.00371306089409
 78    80   0.000479911352944
 78    85   -0.000158448210856
 78    94   0.000150631630527
 78    97   0.000215461719868
 78   103   -9.43396882368e-07
 79     0   -0.00338199664343
 79     2   -0.000378800341832
 79     9   -7.24394968241e-05
 79    15   0.00578657110516
 79    18   -1.95105972386e-05
 79    23   1.63737640553e-06
 79    25   -1.28365948085e-06
 79    31   6.30233087315e-08
 79    35   -2.97021396452e-05
 79    39   2.28921096489e-05
 79    43   -1.13135215211e-05
 79    49   -0.00421938008246
 79    51   0.000378720276264
 79    54   -0.000466391085633
 79    59   -4.23650659926e-05
 79    67   -0.000129994804345
 79    70   -0.000262194537815
 79    74   -0.00139394846142
 79    79   0.00341380542703
 79    86   5.12169798311e-05
 79    88   6.12323297766e-05
 79    95   -0.00018564710979
 79    96   0.000118982667441
 79   102   -7.0500736575e-08
 79   106   -3.22503217517e-07
 80     1   0.000256931407082
 80    14   -0.00596911650402
 80    17   0.00246105667622
 80    22   8.42470289927e-05
 80    29   -3.01421446476e-06
 80    40   -3.02414971769e-05
 80    45   0.000195633397165
 80    50   0.000211880460365
 80    60   0.00027147811267
 80    68   -4.27439674061e-05
 80    71   0.000222463157585
 80    78   0.000479911352944
 80    80   0.00872779898179
 80    85   0.000766521978624
 80    94   -0.000302983491581
 80    97   -0.000746000305342
 80   103   2.39117012772e-06
 81     7   -0.000354970884635
 81    21   -6.26802349223e-05
 81    30   2.3467287773e-06
 81    42   2.89137627451e-06
 81    57   -0.00049876610593
 81    64   0.000360202486512
 81    81     0.002108220304
 81    90   0.000645201070124
 81   101   1.47439149177e-05
