108
  0     0      1.98499202373
  0     4   -0.00298512976925
  0     9   4.38710994679e-05
  0    10   -0.000453877941796
  0    17   0.00767081075926
  0    22   1.97273911791e-05
  0    25   4.17341892783e-07
  0    31   4.75420276697e-05
  0    32   8.17382800685e-05
  0    36   0.000246848213723
  0    44   0.00159713293997
  0    46   -0.000203630813075
  0    48   -0.00202785684029
  0    57   0.00321856011845
  0    62   0.000461973415443
  0    67   -0.000314993739733
  0    69   -0.00201359902093
  0    75   -0.00209855258797
  0    78   0.00130559295067
  0    85   0.000900581638896
  0    88   0.000741067659698
  0    91   -0.000735940936989
  0    95   0.000649856605852
  0   105   -1.74298871641e-06
  0   106   9.41593458381e-06
  1     1      1.97746275219
  1    15   0.00616621605984
  1    19   0.00321398837741
  1    24   -0.00452023192892
  1    28   -0.000381725746603
  1    40   0.000338088941288
  1    45   -0.000274179153733
  1    53   0.000309509858861
  1    58   0.00231609646293
  1    64   -0.00216180312169
  1    72   -0.00101473845648
  1    81   -0.000480021559199
  1    84   0.00250851927337
  1    93   -0.00480154639119
  1    97   -0.000663263333964
  1    99   -0.000274814832675
  1   102   9.43699561047e-06
  2     2      1.97498684496
  2    12   0.00238874941808
  2    20   0.000981017056406
  2    29   0.00207304374366
  2    39    0.0151667919309
  2    50   0.000333824133783
  2    52   0.00292714612701
  2    61   0.00213087792084
  2    74   -0.0107340743298
  2    82   0.00690044869567
  2    83   -0.00137481849661
  2   101   3.52569245539e-05
  3     3      1.93117015103
  3     6   0.000285697650462
  3    13   0.00296750413872
  3    18   -0.00182925975539
  3    26   5.40180876404e-05
  3    27   -0.000293142767071
  3    33   0.000127533105274
  3    37   -0.00035466678211
  3    41   0.00839636139509
  3    49   -0.000702338631441
  3    51   0.00516102125605
  3    59   -0.00399727072129
  3    63   -0.00525253117115
  3    71   -0.00192205977723
  3    79    0.0101309902902
  3    86   -0.000587439488216
  3    89   0.00351629843311
  3    96   0.000633070172446
  3   104   -2.53917652829e-05
  3   107   -1.52108060621e-05
  4     0   -0.00298512976925
  4     4       1.9232515283
  4     9   -0.00225292701861
  4    10   0.00104296923754
  4    17   0.00388254028855
  4    22   0.000186437966018
  4    25   5.99542745538e-05
  4    31   0.000183544997916
  4    32   4.58982415899e-05
  4    36   0.000219314457236
  4    44   0.00178440951169
  4    46   0.00644443268529
  4    48   -0.00577703216608
  4    57   0.000413318931326
  4    62   -0.000294330216598
  4    67   -0.0010775669885
  4    69   -0.00619441488299
  4    75   0.00457037918962
  4    78   0.00272034323477
  4    85   -0.0016906954489
  4    88   0.000912109560282
  4    91   -0.000141869073975
  4    95   2.01656708496e-05
  4   105   -2.15715327524e-05
  4   106   1.03340226837e-05
  5     5       1.9855757385
  5    14   0.00154781365982
  5    34   0.00720764793405
  5    47   0.00241974380243
  5    60     0.022730716018
  5    65   0.000101699699057
  5    76   -0.0052765697752
  5    94   -5.70333617146e-05
  6     3   0.000285697650462
  6     6      1.98547228512
  6    13   0.000153642103286
  6    18   0.00242504910286
  6    26   2.97940676811e-05
  6    27   -0.000278487251615
  6    33   0.00017151047004
  6    37   0.00695547323698
  6    41   0.00134470151835
  6    49   -0.00272881901155
  6    51   0.00562338884396
  6    59   -0.0251409309171
  6    63   0.00646835390053
  6    71   -0.0003279470606
  6    79   -0.000798894680399
  6    86   -0.000107824613792
  6    89   -0.000855487408407
  6    96   -0.000100291217264
  6   104   2.10551492554e-05
  6   107   -2.11732756261e-05
  7     7      1.98575535538
  7    21   -8.45107948158e-06
  7    30   0.000168997874689
  7    42   0.00751494786204
  7    54   -0.0150730698975
  7    70    0.0225929089614
  7    80   -0.000217296227875
  7    92   0.00178831324901
  7   100   1.60174136756e-05
  8     8      1.98570073343
  8    38   0.00810702200598
  8    55   -0.0045778515031
  8    66    0.0241052851484
  8    90   0.00162071237634
  9     0   4.38710994679e-05
  9     4   -0.00225292701861
  9     9      1.98503229054
  9    10   0.000450065623001
  9    17   -0.00281064172056
  9    22   -3.13416380266e-05
  9    25   -3.43563762695e-06
  9    31   -8.8557420327e-05
  9    32   -0.0061143807938
  9    36   -0.00400097709095
  9    44   7.67343632887e-05
  9    46   -0.000435159825588
  9    48   0.00107979343348
  9    57   0.000722171179149
  9    62   -0.0225804525786
  9    67   0.00260260640774
  9    69   0.000901774854149
  9    75   0.00407302289512
  9    78   1.95821637459e-05
  9    85   -0.000413296665836
  9    88   -0.000584073341919
  9    91   0.000961746119794
  9    95   0.000501343673542
  9   105   2.18691939169e-05
  9   106   -8.58239671297e-06
 10     0   -0.000453877941796
 10     4   0.00104296923754
 10     9   0.000450065623001
 10    10      1.98466178342
 10    17   0.00367371974973
 10    22   -3.72474984992e-05
 10    25   3.02600347378e-09
 10    31   -9.89058599219e-06
 10    32   -0.00346200209703
 10    36   0.00454667800778
 10    44   -0.00376634190229
 10    46   -0.000547586620631
 10    48   -0.00157173277899
 10    57    0.0151938120051
 10    62   -0.00287039123558
 10    67   -0.0197227047451
 10    69   0.00402023489152
 10    75   -0.00167922192715
 10    78   0.00072304165949
 10    85   0.000552789704052
 10    88   0.00105896308618
 10    91   -0.00207553364555
 10    95   -0.000974463623427
 10   105   8.88537927626e-06
 10   106   1.08427478408e-05
 11    11      1.92946797887
 11    16    0.0270307546117
 11    23   -0.000146638708595
 11    35   -0.00157893951574
 11    43   8.05975453861e-06
 11    56   -0.00170092893073
 11    68   -0.00193190180242
 11    73   0.000343324801716
 11    77   -0.0076590428923
 11    87   -0.00217168623026
 11    98   -0.00134315572637
 11   103   -7.39750085056e-06
 12     2   0.00238874941808
 12    12      1.98538152948
 12    20   -0.000353865758575
 12    29   -0.000877436103402
 12    39   0.000166021262937
 12    50   -0.00663388861792
 12    52    0.0019550343448
 12    61    0.0213478591212
 12    74   -0.00548243105618
 12    82   -0.0022893478404
 12    83   8.40230104463e-05
 12   101   -5.07097369229e-06
 13     3   0.00296750413872
 13     6   0.000153642103286
 13    13      1.98498203849
 13    18   -0.00083655034712
 13    26   -2.86325126918e-05
 13    27   0.000228660624457
 13    33   -0.000190930453886
 13    37   0.00257318405535
 13    41   -0.00687677124456
 13    49    0.0119474927926
 13    51   -0.00518426546976
 13    59    0.0124927676448
 13    63    0.0254674749107
 13    71   0.00137845152426
 13    79   -0.00194257623355
 13    86   -0.000236539374032
 13    89   0.00252068317557
 13    96   -0.00128155362394
 13   104   4.05206554009e-06
 13   107   1.90775085231e-05
 14     5   0.00154781365982
 14    14      1.96400239633
 14    34   0.00100149069148
 14    47    0.0130855809813
 14    60   0.00236657631112
 14    65   -0.000497705424594
 14    76   -0.00248504255776
 14    94   0.00102854200441
 15     1   0.00616621605984
 15    15      1.82574977612
 15    19   -0.00228252832849
 15    24   -0.0103934435542
 15    28   0.000754278708862
 15    40   0.00159031180061
 15    45   -0.00279362927386
 15    53   0.000421864249217
 15    58   0.00417781321942
 15    64   -0.0017717943435
 15    72   0.00103552297233
 15    81   0.00285735956018
 15    84   -0.00386499461545
 15    93   0.00144096520297
 15    97   -0.0010282883617
 15    99   5.54675631907e-05
 15   102   4.60975665659e-06
 16    11    0.0270307546117
 16    16     0.252701435432
 16    23   -0.000195584994987
 16    35   0.00107515614342
 16    43   0.00177636348078
 16    56   -0.00553608710625
 16    68   0.00797984647848
 16    73   -0.000207576951897
 16    77   0.00548525627953
 16    87   0.00148382455326
 16    98   0.000422832303772
 16   103   -1.667074353e-05
 17     0   0.00767081075926
 17     4   0.00388254028855
 17     9   -0.00281064172056
 17    10   0.00367371974973
 17    17    0.0110444764282
 17    22   -4.23089064773e-06
 17    25   4.44934945475e-06
 17    31   1.8065458424e-05
 17    32   1.36506617686e-05
 17    36   0.000111726123373
 17    44   4.91542111234e-05
 17    46   -0.00104681485679
 17    48   -0.000259931408398
 17    57   -0.000781132571965
 17    62   0.000645224748606
 17    67   -0.000806992038462
 17    69   -0.0012156482472
 17    75   -0.000761713822034
 17    78   0.00520174062151
 17    85   0.000195523555415
 17    88   -0.000324709339511
 17    91   0.000102828545617
 17    95   0.00114071371106
 17   105   4.61261485092e-06
 17   106   2.82985942681e-06
 18     3   -0.00182925975539
 18     6   0.00242504910286
 18    13   -0.00083655034712
 18    18   0.00012216247489
 18    26   -3.6481740546e-07
 18    27   -3.93257251892e-06
 18    33   3.6326829496e-06
 18    37   4.21303724237e-05
 18    41   -0.000125342741033
 18    49   0.000255064585324
 18    51   -0.000128592248368
 18    59   -1.48997342571e-05
 18    63   0.000284349084875
 18    71   3.31263254246e-06
 18    79   -5.19741992812e-05
 18    86   -1.64524333483e-05
 18    89   -0.000117908569294
 18    96   -9.93053528555e-05
 18   104   2.02653681253e-07
 18   107   -4.81490767658e-07
 19     1   0.00321398837741
 19    15   -0.00228252832849
 19    19   0.00207011748018
 19    24   0.000193185413954
 19    28   -5.33340525353e-06
 19    40   2.41002983679e-05
 19    45   3.19904644975e-07
 19    53   9.06943697966e-05
 19    58   0.00135567283861
 19    64   -0.00178796998945
 19    72   0.00150793157497
 19    81   -0.000345268571892
 19    84   0.000406270646246
 19    93   0.00124506039803
 19    97   -0.000718103788264
 19    99   -3.59438201528e-05
 19   102   7.81473918852e-08
 20     2   0.000981017056406
 20    12   -0.000353865758575
 20    20   6.81861932547e-06
 20    29   1.02913871081e-05
 20    39   4.34930666645e-05
 20    50   1.76527855223e-06
 20    52   2.21534871236e-05
 20    61   -2.26443271641e-05
 20    74   -0.000104076842824
 20    82   2.10016712415e-05
 20    83   -6.66164434344e-06
 20   101   3.23646072633e-07
 21     7   -8.45107948158e-06
 21    21   6.26511019699e-07
 21    30   -1.80620282505e-06
 21    42   4.98862776307e-07
 21    54   -2.9660725029e-06
 21    70   -3.02479708141e-06
 21    80   3.05322821974e-06
 21    92   1.20877303808e-06
 21   100   1.12111855186e-07
 22     0   1.97273911791e-05
 22     4   0.000186437966018
 22     9   -3.13416380266e-05
 22    10   -3.72474984992e-05
 22    17   -4.23089064773e-06
 22    22   5.10282524221e-07
 22    25   8.57200541639e-08
 22    31   4.02888436025e-07
 22    32   1.01861277632e-06
 22    36   6.15283160591e-07
 22    44   1.0541316689e-06
 22    46   3.26795024356e-06
 22    48   -2.5508297965e-06
 22    57   -3.97601732562e-08
 22    62   5.06782670778e-06
 22    67   3.28687560935e-06
 22    69   -8.36913522732e-06
 22    75   -9.12855587193e-06
 22    78   4.10837490434e-06
 22    85   -3.07619218635e-06
 22    88   8.17984020394e-07
 22    91   -2.17959887424e-07
 22    95   -2.43956771114e-06
 22   105   -5.85658775129e-08
 22   106   9.71071777737e-09
 23    11   -0.000146638708595
 23    16   -0.000195584994987
 23    23   1.94033670091e-06
 23    35   -1.96495172423e-05
 23    43   -1.57551675802e-06
 23    56   -1.61779614034e-05
 23    68   -1.3654408129e-05
 23    73   -6.2341954293e-07
 23    77   8.30672061188e-06
 23    87   -8.68749428483e-06
 23    98   -3.6517921133e-07
 23   103   2.11792561349e-07
 24     1   -0.00452023192892
 24    15   -0.0103934435542
 24    19   0.000193185413954
 24    24    0.0729675880614
 24    28   -3.65909188543e-05
 24    40   -8.40469614289e-05
 24    45   0.000118225913027
 24    53   2.06918919631e-05
 24    58   -0.0027385499298
 24    64   -0.000106399107279
 24    72   -6.30926063349e-05
 24    81   0.000815611959923
 24    84   0.000567956990022
 24    93   0.000433445560889
 24    97   -0.000210589090834
 24    99   -0.000965773131541
 24   102   -5.87093812641e-07
 25     0   4.17341892783e-07
 25     4   5.99542745538e-05
 25     9   -3.43563762695e-06
 25    10   3.02600347378e-09
 25    17   4.44934945475e-06
 25    22   8.57200541639e-08
 25    25   8.27433842018e-08
 25    31   2.11229445009e-07
 25    32   2.72271720344e-07
 25    36   2.54022978169e-07
 25    44   1.55776296127e-07
 25    46   7.80508375777e-07
 25    48   -1.18750149161e-06
 25    57   -3.80589924788e-07
 25    62   1.50782306453e-06
 25    67   -7.41707351163e-07
 25    69   -2.14940958197e-06
 25    75   -2.91552781835e-06
 25    78   1.27326815082e-06
 25    85   -4.09493149087e-07
 25    88   5.1811950576e-07
 25    91   1.04737714553e-06
 25    95   1.05105905097e-07
 25   105   -3.20627317441e-08
 25   106   2.35175685769e-08
 26     3   5.40180876404e-05
 26     6   2.97940676811e-05
 26    13   -2.86325126918e-05
 26    18   -3.6481740546e-07
 26    26   5.40139045645e-08
 26    27   -1.41476248433e-07
 26    33   1.52761960009e-08
 26    37   6.87425769502e-08
 26    41   1.97059149699e-06
 26    49   -7.87528374632e-06
 26    51   6.70091539612e-07
 26    59   -3.72625425164e-06
 26    63   -1.72457094852e-06
 26    71    2.376750714e-07
 26    79   6.87982624488e-07
 26    86   2.06927221188e-07
 26    89   2.73664297563e-07
 26    96   1.29141197336e-07
 26   104   -2.5366488995e-08
 26   107   -5.47922331002e-09
 27     3   -0.000293142767071
 27     6   -0.000278487251615
 27    13   0.000228660624457
 27    18   -3.93257251892e-06
 27    26   -1.41476248433e-07
 27    27   3.51575918143e-06
 27    33   -2.23264135338e-06
 27    37   -2.31044663415e-06
 27    41   -8.63613185993e-06
 27    49   2.8122695661e-05
 27    51   -1.23343163617e-05
 27    59   3.19205705072e-05
 27    63   2.16629413654e-05
 27    71   2.57565330765e-06
 27    79   -3.45975608841e-07
 27    86   4.48734280066e-06
 27    89   -6.42221387892e-07
 27    96   -1.55209212314e-06
 27   104   -8.02085564119e-09
 27   107   3.72747469828e-07
 28     1   -0.000381725746603
 28    15   0.000754278708862
 28    19   -5.33340525353e-06
 28    24   -3.65909188543e-05
 28    28   1.6698760705e-05
 28    40   2.51297241188e-06
 28    45   -1.36949983636e-05
 28    53   -3.37535921129e-06
 28    58   8.81002961896e-05
 28    64   3.21852644787e-05
 28    72   -1.4897306267e-05
 28    81   3.7209737061e-06
 28    84   -1.11748314924e-05
 28    93   -1.76445542671e-05
 28    97   -1.82570404944e-05
 28    99   -5.14412504725e-07
 28   102   -8.44236259766e-07
 29     2   0.00207304374366
 29    12   -0.000877436103402
 29    20   1.02913871081e-05
 29    29   0.000158243081987
 29    39   0.000142520171191
 29    50   1.79123177375e-05
 29    52   8.34797906205e-05
 29    61   7.92300888603e-05
 29    74   -0.00033467453274
 29    82   -8.8894553233e-05
 29    83   -1.47030329502e-05
 29   101   -4.44747832263e-06
 30     7   0.000168997874689
 30    21   -1.80620282505e-06
 30    30   0.000146428984712
 30    42   -1.20354664174e-05
 30    54   0.000132969502414
 30    70   -0.000109610101078
 30    80   3.71700690002e-05
 30    92   -4.45428809718e-05
 30   100   4.12426300317e-06
 31     0   4.75420276697e-05
 31     4   0.000183544997916
 31     9   -8.8557420327e-05
 31    10   -9.89058599219e-06
 31    17   1.8065458424e-05
 31    22   4.02888436025e-07
 31    25   2.11229445009e-07
 31    31   1.48906294133e-06
 31    32   2.48214174977e-06
 31    36   1.24466513055e-06
 31    44   4.93018837331e-07
 31    46   -1.82238535925e-06
 31    48   -6.51703573453e-06
 31    57   -4.56484472313e-06
 31    62   1.28779095377e-05
 31    67   -3.1383228504e-06
 31    69   -8.20137513405e-06
 31    75   -8.39747758568e-06
 31    78   8.69042164603e-06
 31    85   4.49327902547e-06
 31    88   3.6857363349e-06
 31    91   7.34154976701e-07
 31    95   1.82706496524e-06
 31   105   -2.62947485825e-07
 31   106   1.47847051463e-07
 32     0   8.17382800685e-05
 32     4   4.58982415899e-05
 32     9   -0.0061143807938
 32    10   -0.00346200209703
 32    17   1.36506617686e-05
 32    22   1.01861277632e-06
 32    25   2.72271720344e-07
 32    31   2.48214174977e-06
 32    32   0.000159371497454
 32    36   2.16118913341e-05
 32    44   2.85378321438e-05
 32    46   2.50240754878e-05
 32    48   -2.04532928052e-05
 32    57   -0.000126914063409
 32    62   0.00047723646984
 32    67   0.000101755166751
 32    69   -3.91876419029e-05
 32    75   -6.8519133224e-05
 32    78   -7.688757911e-06
 32    85   3.65168181716e-06
 32    88   3.15780470623e-05
 32    91   -4.76495515184e-06
 32    95   1.31380924423e-05
 32   105   -7.03500917979e-07
 32   106   3.86557857772e-09
 33     3   0.000127533105274
 33     6   0.00017151047004
 33    13   -0.000190930453886
 33    18   3.6326829496e-06
 33    26   1.52761960009e-08
 33    27   -2.23264135338e-06
 33    33   2.35188023764e-06
 33    37   1.9222326966e-06
 33    41   8.49807511849e-07
 33    49   -5.4523520542e-06
 33    51   5.33221663279e-06
 33    59   -2.02531109254e-05
 33    63   -1.93309689154e-05
 33    71   -2.84769719625e-06
 33    79   -1.44258762958e-06
 33    86   1.9522431956e-06
 33    89   6.50994970145e-07
 33    96   9.64294243141e-07
 33   104   2.47833447388e-07
 33   107   -3.27775118513e-07
 34     5   0.00720764793405
 34    14   0.00100149069148
 34    34   0.000167133296817
 34    47   0.000122040381877
 34    60   0.000510537162286
 34    65   1.47464679834e-06
 34    76   -0.000272697499728
 34    94   5.5222827404e-06
 35    11   -0.00157893951574
 35    16   0.00107515614342
 35    23   -1.96495172423e-05
 35    35   0.00138886357576
 35    43   -0.000205201713517
 35    56   0.00179367605799
 35    68   -0.00102746919402
 35    73   4.86774325262e-05
 35    77   -0.00122442765056
 35    87   0.000730127994305
 35    98   4.46672959594e-05
 35   103   -8.66425570656e-06
 36     0   0.000246848213723
 36     4   0.000219314457236
 36     9   -0.00400097709095
 36    10   0.00454667800778
 36    17   0.000111726123373
 36    22   6.15283160591e-07
 36    25   2.54022978169e-07
 36    31   1.24466513055e-06
 36    32   2.16118913341e-05
 36    36   0.000102606373461
 36    44   -3.45632856129e-05
 36    46   4.92893339367e-06
 36    48   -3.30400671175e-05
 36    57   0.000165704183445
 36    62   0.000239610808355
 36    67   -0.000293084374194
 36    69   2.78193775661e-06
 36    75   -7.61200073872e-05
 36    78   8.86260312304e-05
 36    85   -6.02427746364e-06
 36    88   2.06868941535e-06
 36    91   -1.71735336396e-05
 36    95   -2.55101856367e-05
 36   105   3.76766934132e-07
 36   106   3.5919848743e-07
 37     3   -0.00035466678211
 37     6   0.00695547323698
 37    13   0.00257318405535
 37    18   4.21303724237e-05
 37    26   6.87425769502e-08
 37    27   -2.31044663415e-06
 37    33   1.9222326966e-06
 37    37   0.000182755626492
 37    41   -2.19242904083e-05
 37    49   5.65110064267e-05
 37    51   0.000114667791678
 37    59   -0.0004173659148
 37    63   0.000317680625487
 37    71   1.53080344789e-06
 37    79   -3.06919624135e-05
 37    86   -1.24079303598e-05
 37    89   -1.34470325852e-05
 37    96   -1.43008215872e-05
 37   104   6.18202558051e-07
 37   107   -1.78323619523e-07
 38     8   0.00810702200598
 38    38   0.000210795092662
 38    55   -0.000160001117405
 38    66   0.000625715956166
 38    90   6.63218795293e-05
 39     2    0.0151667919309
 39    12   0.000166021262937
 39    20   4.34930666645e-05
 39    29   0.000142520171191
 39    39   0.00126161311329
 39    50   -1.30081783282e-05
 39    52   0.000670010438828
 39    61   0.000550565962997
 39    74   -0.00223531505511
 39    82   0.000468462155807
 39    83   -8.76814187636e-05
 39   101   1.2081875996e-06
 40     1   0.000338088941288
 40    15   0.00159031180061
 40    19   2.41002983679e-05
 40    24   -8.40469614289e-05
 40    28   2.51297241188e-06
 40    40   2.03048867308e-05
 40    45   -2.6654052289e-05
 40    53   8.95740623581e-06
 40    58   0.000125113004665
 40    64   -3.05172989446e-05
 40    72   2.16401500983e-05
 40    81   -5.86574861578e-06
 40    84   9.69807714771e-06
 40    93   1.96073810286e-05
 40    97   -3.67620474546e-06
 40    99   -3.72311250161e-06
 40   102   -9.42318280865e-08
 41     3   0.00839636139509
 41     6   0.00134470151835
 41    13   -0.00687677124456
 41    18   -0.000125342741033
 41    26   1.97059149699e-06
 41    27   -8.63613185993e-06
 41    33   8.49807511849e-07
 41    37   -2.19242904083e-05
 41    41   0.000698709353022
 41    49   -0.0016883334038
 41    51   0.000357383511536
 41    59   -0.000450111543536
 41    63   -0.00117047921341
 41    71   -9.15669569001e-05
 41    79   0.000219785747015
 41    86   -0.000198355927797
 41    89   0.00033430673211
 41    96   9.49247304933e-05
 41   104   -2.09486255394e-06
 41   107   -6.51800979702e-07
 42     7   0.00751494786204
 42    21   4.98862776307e-07
 42    30   -1.20354664174e-05
 42    42   0.000157695595755
 42    54   -0.000363097266187
 42    70   0.000591735575742
 42    80   3.99292474325e-05
 42    92     4.23532813e-05
 42   100   6.57535401487e-07
 43    11   8.05975453861e-06
 43    16   0.00177636348078
 43    23   -1.57551675802e-06
 43    35   -0.000205201713517
 43    43   0.000134310909952
 43    56   -0.00063969762481
 43    68   0.000605611713111
 43    73   1.82514715061e-05
 43    77   0.000570217020014
 43    87   1.96469677732e-05
 43    98   -5.63592587383e-05
 43   103   3.42043467061e-07
 44     0   0.00159713293997
 44     4   0.00178440951169
 44     9   7.67343632887e-05
 44    10   -0.00376634190229
 44    17   4.91542111234e-05
 44    22   1.0541316689e-06
 44    25   1.55776296127e-07
 44    31   4.93018837331e-07
 44    32   2.85378321438e-05
 44    36   -3.45632856129e-05
 44    44   9.50648499809e-05
 44    46   1.84958661393e-05
 44    48   -4.9879335223e-05
 44    57   -7.03329016418e-05
 44    62   2.7841953158e-05
 44    67   0.000164208786631
 44    69   1.20929604866e-05
 44    75   4.08336968409e-05
 44    78   -7.85266580877e-05
 44    85   5.51055918272e-07
 44    88   -5.74569413529e-05
 44    91   -4.87533913311e-05
 44    95   1.0599446508e-06
 44   105   7.89306832461e-08
 44   106   7.69623085656e-08
 45     1   -0.000274179153733
 45    15   -0.00279362927386
 45    19   3.19904644975e-07
 45    24   0.000118225913027
 45    28   -1.36949983636e-05
 45    40   -2.6654052289e-05
 45    45   5.28342337727e-05
 45    53   -6.47051592155e-06
 45    58   -0.000170098759694
 45    64   2.4257403574e-05
 45    72   -1.90570485774e-05
 45    81   3.61838580845e-06
 45    84   1.34657352919e-05
 45    93   1.83578891495e-06
 45    97   7.67998851741e-06
 45    99   4.76135864068e-06
 45   102   5.2472053744e-08
 46     0   -0.000203630813075
 46     4   0.00644443268529
 46     9   -0.000435159825588
 46    10   -0.000547586620631
 46    17   -0.00104681485679
 46    22   3.26795024356e-06
 46    25   7.80508375777e-07
 46    31   -1.82238535925e-06
 46    32   2.50240754878e-05
 46    36   4.92893339367e-06
 46    44   1.84958661393e-05
 46    46   0.000582433702527
 46    48   -0.00018579317903
 46    57   7.13004361836e-05
 46    62   0.000222815878345
 46    67   -0.000229741851717
 46    69   -0.000396015380195
 46    75   -0.000102400985995
 46    78   -0.000826476220705
 46    85   -0.000164189459036
 46    88   0.000598495880038
 46    91   0.000345350467835
 46    95   -0.000198616171776
 46   105   1.27275281264e-06
 46   106   -1.57787344913e-07
 47     5   0.00241974380243
 47    14    0.0130855809813
 47    34   0.000122040381877
 47    47    0.0010546407379
 47    60   0.00058811569486
 47    65   -6.50307066456e-05
 47    76   -0.00161890723205
 47    94   0.000329937983943
 48     0   -0.00202785684029
 48     4   -0.00577703216608
 48     9   0.00107979343348
 48    10   -0.00157173277899
 48    17   -0.000259931408398
 48    22   -2.5508297965e-06
 48    25   -1.18750149161e-06
 48    31   -6.51703573453e-06
 48    32   -2.04532928052e-05
 48    36   -3.30400671175e-05
 48    44   -4.9879335223e-05
 48    46   -0.00018579317903
 48    48   0.000383453452258
 48    57   0.000230565325426
 48    62   -0.000182034429375
 48    67   0.000248824177135
 48    69   0.000201740867169
 48    75   0.000112212613092
 48    78   6.64121439211e-05
 48    85   -2.06853252706e-05
 48    88   -0.000514561369075
 48    91   -8.20083987799e-05
 48    95   -0.00032160793162
 48   105   1.89795977634e-06
 48   106   -6.37282797134e-07
 49     3   -0.000702338631441
 49     6   -0.00272881901155
 49    13    0.0119474927926
 49    18   0.000255064585324
 49    26   -7.87528374632e-06
 49    27   2.8122695661e-05
 49    33   -5.4523520542e-06
 49    37   5.65110064267e-05
 49    41   -0.0016883334038
 49    49    0.0200592881359
 49    51   6.27494965243e-05
 49    59   0.00196130644483
 49    63   0.00320616259745
 49    71   -0.000359310117879
 49    79   0.00170739281571
 49    86   -0.000146791305902
 49    89   -0.000553929368306
 49    96   0.00026417354633
 49   104   5.48278146604e-06
 49   107   1.80868862972e-06
 50     2   0.000333824133783
 50    12   -0.00663388861792
 50    20   1.76527855223e-06
 50    29   1.79123177375e-05
 50    39   -1.30081783282e-05
 50    50   0.000125517983769
 50    52   -6.61852474157e-05
 50    61   -0.000420086688374
 50    74   0.000168677618255
 50    82   2.75448398905e-05
 50    83   -7.22214668913e-06
 50   101   -2.69451195261e-07
 51     3   0.00516102125605
 51     6   0.00562338884396
 51    13   -0.00518426546976
 51    18   -0.000128592248368
 51    26   6.70091539612e-07
 51    27   -1.23343163617e-05
 51    33   5.33221663279e-06
 51    37   0.000114667791678
 51    41   0.000357383511536
 51    49   6.27494965243e-05
 51    51   0.00458858137488
 51    59   -0.00239283326657
 51    63   -0.00106564894263
 51    71   -9.75003698493e-06
 51    79   -0.000743425836311
 51    86   -0.000253538559655
 51    89   1.40174989928e-05
 51    96   0.00164419882041
 51   104   -2.93455888232e-07
 51   107   -9.41104037016e-07
 52     2   0.00292714612701
 52    12    0.0019550343448
 52    20   2.21534871236e-05
 52    29   8.34797906205e-05
 52    39   0.000670010438828
 52    50   -6.61852474157e-05
 52    52   0.00380305290303
 52    61   0.00119727766992
 52    74   -0.00413208753862
 52    82   0.00026907053731
 52    83   0.00260739289698
 52   101   1.08700327971e-06
 53     1   0.000309509858861
 53    15   0.000421864249217
 53    19   9.06943697966e-05
 53    24   2.06918919631e-05
 53    28   -3.37535921129e-06
 53    40   8.95740623581e-06
 53    45   -6.47051592155e-06
 53    53   0.000216251062421
 53    58   4.18510214389e-05
 53    64   -0.000284104098644
 53    72   1.32249899966e-05
 53    81   -8.76753033308e-05
 53    84   -0.000138847954349
 53    93   0.000164105745978
 53    97   4.15006285638e-05
 53    99   5.38173043325e-07
 53   102   3.08437341689e-08
 54     7   -0.0150730698975
 54    21   -2.9660725029e-06
 54    30   0.000132969502414
 54    42   -0.000363097266187
 54    54   0.00506500475208
 54    70   -0.00438115421068
 54    80   -0.000834147890199
 54    92   -0.00241506332359
 54   100   -1.25155877644e-06
 55     8   -0.0045778515031
 55    38   -0.000160001117405
 55    55   0.00123849448279
 55    66   -0.00121173013886
 55    90   -0.00141022077278
 56    11   -0.00170092893073
 56    16   -0.00553608710625
 56    23   -1.61779614034e-05
 56    35   0.00179367605799
 56    43   -0.00063969762481
 56    56   0.00467347926747
 56    68   -0.00354935602283
 56    73   -0.000168715730678
 56    77   -0.00331000608204
 56    87   0.000165803978528
 56    98   0.000533310751684
 56   103   -3.42381328627e-06
 57     0   0.00321856011845
 57     4   0.000413318931326
 57     9   0.000722171179149
 57    10    0.0151938120051
 57    17   -0.000781132571965
 57    22   -3.97601732562e-08
 57    25   -3.80589924788e-07
 57    31   -4.56484472313e-06
 57    32   -0.000126914063409
 57    36   0.000165704183445
 57    44   -7.03329016418e-05
 57    46   7.13004361836e-05
 57    48   0.000230565325426
 57    57   0.00402437251152
 57    62   -0.000484582899136
 57    67   -0.00431944023343
 57    69   0.00035853003598
 57    75   -0.000191854251665
 57    78   0.000447113443279
 57    85   -0.000170442542031
 57    88   -0.000903484567384
 57    91   -5.15430578492e-05
 57    95   -0.00145822971829
 57   105   2.66726277897e-07
 57   106   -4.23522463562e-07
 58     1   0.00231609646293
 58    15   0.00417781321942
 58    19   0.00135567283861
 58    24   -0.0027385499298
 58    28   8.81002961896e-05
 58    40   0.000125113004665
 58    45   -0.000170098759694
 58    53   4.18510214389e-05
 58    58     0.011736595098
 58    64   -0.000940868006284
 58    72   0.000425702243753
 58    81   -0.000119709398831
 58    84   0.000148215569173
 58    93   0.000821718657663
 58    97   -0.00116373455756
 58    99   4.86919923105e-05
 58   102   1.04158709793e-06
 59     3   -0.00399727072129
 59     6   -0.0251409309171
 59    13    0.0124927676448
 59    18   -1.48997342571e-05
 59    26   -3.72625425164e-06
 59    27   3.19205705072e-05
 59    33   -2.02531109254e-05
 59    37   -0.0004173659148
 59    41   -0.000450111543536
 59    49   0.00196130644483
 59    51   -0.00239283326657
 59    59    0.0141558864982
 59    63   0.000776555067854
 59    71   -0.000907486590132
 59    79   0.00017348206353
 59    86   5.71755906423e-05
 59    89   -0.000109508300437
 59    96   -0.000441244809489
 59   104   -9.02155905166e-07
 59   107   1.90871391177e-06
 60     5     0.022730716018
 60    14   0.00236657631112
 60    34   0.000510537162286
 60    47   0.00058811569486
 60    60     0.012523007599
 60    65   3.30558581868e-05
 60    76   -0.00239663991594
 60    94   2.90401997133e-05
 61     2   0.00213087792084
 61    12    0.0213478591212
 61    20   -2.26443271641e-05
 61    29   7.92300888603e-05
 61    39   0.000550565962997
 61    50   -0.000420086688374
 61    52   0.00119727766992
 61    61    0.0118551736193
 61    74   -0.00332251260988
 61    82   1.40818362176e-05
 61    83   8.44111204253e-05
 61   101   -1.70208367211e-06
 62     0   0.000461973415443
 62     4   -0.000294330216598
 62     9   -0.0225804525786
 62    10   -0.00287039123558
 62    17   0.000645224748606
 62    22   5.06782670778e-06
 62    25   1.50782306453e-06
 62    31   1.28779095377e-05
 62    32   0.00047723646984
 62    36   0.000239610808355
 62    44   2.7841953158e-05
 62    46   0.000222815878345
 62    48   -0.000182034429375
 62    57   -0.000484582899136
 62    62    0.0125548790909
 62    67   8.78397927024e-06
 62    69   -0.00033710299941
 62    75   -0.00126985045856
 62    78   0.000186343082338
 62    85   3.12381936446e-05
 62    88   0.000153396918645
 62    91   2.99621128403e-05
 62    95   -6.87816165458e-05
 62   105   -1.09482617765e-06
 62   106   -9.29010292152e-08
 63     3   -0.00525253117115
 63     6   0.00646835390053
 63    13    0.0254674749107
 63    18   0.000284349084875
 63    26   -1.72457094852e-06
 63    27   2.16629413654e-05
 63    33   -1.93309689154e-05
 63    37   0.000317680625487
 63    41   -0.00117047921341
 63    49   0.00320616259745
 63    51   -0.00106564894263
 63    59   0.000776555067854
 63    63    0.0134332856941
 63    71   -0.00165232237235
 63    79   -0.000131564068206
 63    86   6.93823984236e-05
 63    89   -0.000297276998094
 63    96   -0.000282574183915
 63   104   7.13149829245e-07
 63   107   2.17117818767e-06
 64     1   -0.00216180312169
 64    15   -0.0017717943435
 64    19   -0.00178796998945
 64    24   -0.000106399107279
 64    28   3.21852644787e-05
 64    40   -3.05172989446e-05
 64    45   2.4257403574e-05
 64    53   -0.000284104098644
 64    58   -0.000940868006284
 64    64   0.00363927604989
 64    72   -0.000817177847671
 64    81   -3.35395962926e-05
 64    84   2.29369493763e-05
 64    93   -0.00219201787547
 64    97   -0.000305124480139
 64    99   0.000197650229658
 64   102   -1.97187899696e-06
 65     5   0.000101699699057
 65    14   -0.000497705424594
 65    34   1.47464679834e-06
 65    47   -6.50307066456e-05
 65    60   3.30558581868e-05
 65    65   0.000188847983671
 65    76   0.000108292850937
 65    94   -0.000121692092998
 66     8    0.0241052851484
 66    38   0.000625715956166
 66    55   -0.00121173013886
 66    66    0.0130560586056
 66    90   0.000719793680611
 67     0   -0.000314993739733
 67     4   -0.0010775669885
 67     9   0.00260260640774
 67    10   -0.0197227047451
 67    17   -0.000806992038462
 67    22   3.28687560935e-06
 67    25   -7.41707351163e-07
 67    31   -3.1383228504e-06
 67    32   0.000101755166751
 67    36   -0.000293084374194
 67    44   0.000164208786631
 67    46   -0.000229741851717
 67    48   0.000248824177135
 67    57   -0.00431944023343
 67    62   8.78397927024e-06
 67    67   0.00973154336918
 67    69   -0.0013761200446
 67    75   0.000717459116884
 67    78   -0.000414059165733
 67    85   -0.000122524727182
 67    88   -0.000489023456782
 67    91   -0.000386793411345
 67    95   0.000229548851883
 67   105   -1.47853736223e-06
 67   106   -4.23917898336e-07
 68    11   -0.00193190180242
 68    16   0.00797984647848
 68    23   -1.3654408129e-05
 68    35   -0.00102746919402
 68    43   0.000605611713111
 68    56   -0.00354935602283
 68    68   0.00649444565182
 68    73   -0.000111778786949
 68    77   0.00269121093553
 68    87   0.000321894735797
 68    98   2.05195963187e-05
 68   103   -3.59683888887e-07
 69     0   -0.00201359902093
 69     4   -0.00619441488299
 69     9   0.000901774854149
 69    10   0.00402023489152
 69    17   -0.0012156482472
 69    22   -8.36913522732e-06
 69    25   -2.14940958197e-06
 69    31   -8.20137513405e-06
 69    32   -3.91876419029e-05
 69    36   2.78193775661e-06
 69    44   1.20929604866e-05
 69    46   -0.000396015380195
 69    48   0.000201740867169
 69    57   0.00035853003598
 69    62   -0.00033710299941
 69    67   -0.0013761200446
 69    69   0.00410552356432
 69    75   0.00114836709782
 69    78   -0.00294938038437
 69    85   0.00021175529432
 69    88   -0.00103158996748
 69    91   -0.00105145703097
 69    95   0.000827593723733
 69   105   1.45253797882e-06
 69   106   -5.61658196353e-07
 70     7    0.0225929089614
 70    21   -3.02479708141e-06
 70    30   -0.000109610101078
 70    42   0.000591735575742
 70    54   -0.00438115421068
 70    70    0.0122296528562
 70    80   0.000213817668759
 70    92   0.000605061291369
 70   100   2.16731720213e-09
 71     3   -0.00192205977723
 71     6   -0.0003279470606
 71    13   0.00137845152426
 71    18   3.31263254246e-06
 71    26    2.376750714e-07
 71    27   2.57565330765e-06
 71    33   -2.84769719625e-06
 71    37   1.53080344789e-06
 71    41   -9.15669569001e-05
 71    49   -0.000359310117879
 71    51   -9.75003698493e-06
 71    59   -0.000907486590132
 71    63   -0.00165232237235
 71    71   0.000588582853098
 71    79   -0.000162711635987
 71    86   0.000297658830217
 71    89   -3.28909481261e-05
 71    96   2.16045581996e-06
 71   104   -4.34416189093e-06
 71   107   5.79252166118e-07
 72     1   -0.00101473845648
 72    15   0.00103552297233
 72    19   0.00150793157497
 72    24   -6.30926063349e-05
 72    28   -1.4897306267e-05
 72    40   2.16401500983e-05
 72    45   -1.90570485774e-05
 72    53   1.32249899966e-05
 72    58   0.000425702243753
 72    64   -0.000817177847671
 72    72   0.00192325745059
 72    81   -0.00046624504689
 72    84   0.000417268658926
 72    93   0.000865934948231
 72    97   -0.00113099272835
 72    99   0.000229085859891
 72   102   6.3081636985e-06
 73    11   0.000343324801716
 73    16   -0.000207576951897
 73    23   -6.2341954293e-07
 73    35   4.86774325262e-05
 73    43   1.82514715061e-05
 73    56   -0.000168715730678
 73    68   -0.000111778786949
 73    73   0.000430526086305
 73    77   3.20191212894e-05
 73    87   7.75752137545e-05
 73    98   -0.000660793968157
 73   103   -5.60017915671e-08
 74     2   -0.0107340743298
 74    12   -0.00548243105618
 74    20   -0.000104076842824
 74    29   -0.00033467453274
 74    39   -0.00223531505511
 74    50   0.000168677618255
 74    52   -0.00413208753862
 74    61   -0.00332251260988
 74    74    0.0197063259194
 74    82   -0.00101716698105
 74    83   -0.000118916943634
 74   101   -5.37154886158e-06
 75     0   -0.00209855258797
 75     4   0.00457037918962
 75     9   0.00407302289512
 75    10   -0.00167922192715
 75    17   -0.000761713822034
 75    22   -9.12855587193e-06
 75    25   -2.91552781835e-06
 75    31   -8.39747758568e-06
 75    32   -6.8519133224e-05
 75    36   -7.61200073872e-05
 75    44   4.08336968409e-05
 75    46   -0.000102400985995
 75    48   0.000112212613092
 75    57   -0.000191854251665
 75    62   -0.00126985045856
 75    67   0.000717459116884
 75    69   0.00114836709782
 75    75   0.00465532383219
 75    78   -0.00148847373193
 75    85   0.000268810009168
 75    88   -6.93463844778e-05
 75    91   -0.000194591791188
 75    95   6.88612818259e-05
 75   105   1.40548910718e-06
 75   106   -5.07934539231e-07
 76     5   -0.0052765697752
 76    14   -0.00248504255776
 76    34   -0.000272697499728
 76    47   -0.00161890723205
 76    60   -0.00239663991594
 76    65   0.000108292850937
 76    76    0.0123721188511
 76    94   -0.00113250771774
 77    11   -0.0076590428923
 77    16   0.00548525627953
 77    23   8.30672061188e-06
 77    35   -0.00122442765056
 77    43   0.000570217020014
 77    56   -0.00331000608204
 77    68   0.00269121093553
 77    73   3.20191212894e-05
 77    77   0.00341941355259
 77    87   -0.000251326228555
 77    98   -0.000174662114034
 77   103   5.31967572254e-06
 78     0   0.00130559295067
 78     4   0.00272034323477
 78     9   1.95821637459e-05
 78    10   0.00072304165949
 78    17   0.00520174062151
 78    22   4.10837490434e-06
 78    25   1.27326815082e-06
 78    31   8.69042164603e-06
 78    32   -7.688757911e-06
 78    36   8.86260312304e-05
 78    44   -7.85266580877e-05
 78    46   -0.000826476220705
 78    48   6.64121439211e-05
 78    57   0.000447113443279
 78    62   0.000186343082338
 78    67   -0.000414059165733
 78    69   -0.00294938038437
 78    75   -0.00148847373193
 78    78   0.00710360511342
 78    85   0.00011945531321
 78    88   -0.000721924658956
 78    91   0.000197856283689
 78    95   -1.47160647844e-05
 78   105   1.32053999769e-06
 78   106   1.27267798238e-07
 79     3    0.0101309902902
 79     6   -0.000798894680399
 79    13   -0.00194257623355
 79    18   -5.19741992812e-05
 79    26   6.87982624488e-07
 79    27   -3.45975608841e-07
 79    33   -1.44258762958e-06
 79    37   -3.06919624135e-05
 79    41   0.000219785747015
 79    49   0.00170739281571
 79    51   -0.000743425836311
 79    59   0.00017348206353
 79    63   -0.000131564068206
 79    71   -0.000162711635987
 79    79   0.00126225759438
 79    86   -9.44502397356e-06
 79    89   0.000130395563859
 79    96   -0.000328197117366
 79   104   -2.8185589367e-07
 79   107   2.94803205692e-07
 80     7   -0.000217296227875
 80    21   3.05322821974e-06
 80    30   3.71700690002e-05
 80    42   3.99292474325e-05
 80    54   -0.000834147890199
 80    70   0.000213817668759
 80    80   0.00199889983371
 80    92   0.000113058901379
 80   100   1.65095758442e-05
 81     1   -0.000480021559199
 81    15   0.00285735956018
 81    19   -0.000345268571892
 81    24   0.000815611959923
 81    28   3.7209737061e-06
 81    40   -5.86574861578e-06
 81    45   3.61838580845e-06
 81    53   -8.76753033308e-05
 81    58   -0.000119709398831
 81    64   -3.35395962926e-05
 81    72   -0.00046624504689
 81    81   0.00184476571585
 81    84   0.000445302827103
